kinematics:
  shoulder:
    x: 0
    y: 0
    z: 0.18107489138936084
    roll: -0
    pitch: 0
    yaw: 2.3417800979613768e-07
  upper_arm:
    x: -4.1090874159633285e-05
    y: 0
    z: 0
    roll: 1.5700626673162297
    pitch: 0
    yaw: 7.128993424705551e-07
  forearm:
    x: -0.61249921703162147
    y: 0
    z: 0
    roll: 3.1399891128102229
    pitch: 3.1408425817549741
    yaw: -3.141586789425951
  wrist_1:
    x: -0.57121614399430887
    y: 0.00077788444254747182
    z: 0.17468973806163993
    roll: 3.1371397343184757
    pitch: 3.1409627439601651
    yaw: 3.1415909468023657
  wrist_2:
    x: -0.00032866251115587801
    y: -0.11966360662342364
    z: 0.00027451647190742539
    roll: 1.5685022626421887
    pitch: 0
    yaw: -1.2993248103901345e-06
  wrist_3:
    x: 0.00012041701364249386
    y: 0.11565932252179559
    z: 2.6698945256548796e-05
    roll: 1.5710271680638939
    pitch: 3.1415926535897931
    yaw: -3.1415925772764495
  hash: calib_17259409425099042531