kinematics:
  shoulder:
    x: 0
    y: 0
    z: 0.23621303852159023
    roll: -0
    pitch: 0
    yaw: -9.7533231348083393e-09
  upper_arm:
    x: -1.1750679376355184e-05
    y: 0
    z: 0
    roll: 1.5698476177976628
    pitch: 0
    yaw: -5.2367891298921174e-06
  forearm:
    x: -0.86135209412664338
    y: 0
    z: 0
    roll: 3.1387718342432698
    pitch: -3.1414390215667853
    yaw: -3.1415920037391416
  wrist_1:
    x: -0.72819281488516396
    y: 0.00011677506292589359
    z: 0.20013217509451756
    roll: 3.1410091639554136
    pitch: 3.1415074346540095
    yaw: 3.1415895215624294
  wrist_2:
    x: 4.5175500947298165e-06
    y: -0.1592727706728872
    z: -0.0001972096257164624
    roll: 1.5720345141140604
    pitch: 0
    yaw: -1.3482483664966139e-06
  wrist_3:
    x: -0.00010564161036737901
    y: 0.15411128824397791
    z: 0.00015584423536480057
    roll: 1.5718075712275248
    pitch: 3.1415926535897931
    yaw: 3.1415923020873469
  hash: calib_5884010207099017451